Resultado: 1.000000
Resultado: 0.400000