Resultado: -4.000000
Resultado: 0.500000